5.1921 4.70878 5.97683 214
4.54139 5.98783 5.05315 2
3.40038 4.99697 4.39932 84
-0.0289633 1.77002 0.751956 213
0.184459 -1.17865 0.340631 188
0.291286 0.7473 0.900236 213
1.10497 -0.824437 0.958332 206
0.850454 0.659831 -1.4715 94
2.15527 -0.141096 -0.668948 234
1.89256 0.539397 0.408007 10
3.57949 4.38663 7.43798 222
4.82599 5.23518 3.12165 190
0.781983 -0.823616 -0.107155 206
-2.56831 2.05091 0.35246 14
5.42957 3.04322 5.77551 23
0.848839 -0.240335 0.816944 68
-0.485004 -1.27796 0.223706 20
-0.406155 -0.98735 -0.394071 18
5.78399 6.0454 5.68836 26
-0.600177 -1.29237 0.530886 20
6.46186 4.76053 5.00185 26
1.3241 -1.14488 0.654334 206
5.27909 3.93917 5.97919 23
6.19614 3.3146 3.95707 24
4.69152 4.62513 5.02444 104
5.90235 5.37427 5.29828 26
0.296327 -1.68874 -0.174749 246
0.143248 -1.33334 -1.14212 28
6.0529 6.02016 4.69921 64
3.72227 3.53176 6.43495 222
-2.194 0.252518 0.260349 130
4.82717 3.6252 4.759 32
4.04071 6.02368 6.71932 142
-0.354465 -0.123914 0.546703 101
1.22864 1.88861 0.634578 128
3.77429 5.076 6.07716 132
4.46971 4.65697 4.14234 190
-0.363446 -0.306037 -0.0899464 101
3.65888 4.28141 6.43083 194
6.32709 6.9494 6.43842 40
6.75336 4.47627 5.8292 41
-0.56199 0.326878 -0.805203 184
-0.628247 0.173643 1.30758 43
-1.42908 -1.65463 0.215619 181
4.58445 6.11302 4.92364 2
5.32753 4.90418 6.11631 214
4.77064 6.21996 5.94931 53
3.73827 4.61166 5.12224 150
0.259639 -0.352784 -1.00421 172
0.0490015 -1.19323 -1.1747 28
-2.03739 -0.91001 -0.81554 51
-1.36504 1.83269 -0.146041 70
4.979 5.82989 6.29729 53
3.28098 6.36495 4.7189 155
0.473684 -0.625569 -1.19086 172
0.760998 -0.207867 -0.261996 125
2.25939 6.20374 4.45997 57
1.85761 -0.528611 -1.87302 207
-0.136202 0.413684 -0.190862 151
-0.460055 0.318659 -1.12532 184
4.78482 4.10494 4.50114 32
6.14516 4.95853 5.33737 26
-0.902578 0.392962 0.171182 137
6.31592 6.54616 5.27249 64
-0.772704 0.218885 -2.085 233
-0.0478687 0.69066 -0.824253 184
-1.022 0.150188 0.199706 137
0.478598 0.11639 1.13998 68
-0.959405 -1.62938 -1.53343 69
-1.05357 1.5878 -0.0845459 70
4.52478 5.43509 5.86297 132
5.11294 5.22222 3.96156 187
6.09476 4.08811 3.50415 205
0.313041 -0.307468 1.73213 204
5.90246 6.39288 7.07138 75
-0.059103 0.990077 0.841852 213
4.09354 3.37094 3.5934 162
-0.117044 -0.645736 0.0904085 101
4.5498 3.81191 6.94046 222
3.41961 5.60289 5.57912 80
0.695931 -1.47263 -0.965468 28
3.63291 3.53548 4.998 82
-0.870283 0.432723 -0.304962 83
2.95148 4.77392 4.81106 84
-1.53804 -0.589852 0.440926 181
-0.52728 0.14773 1.02682 43
0.675857 1.76051 -0.190049 128
-0.071354 0.0920838 0.609509 101
4.69149 6.04822 2.23043 244
5.7585 5.47122 4.15388 187
3.83545 4.23219 4.6985 150
3.45816 4.263 5.57799 194
5.9408 5.05003 4.401 187
0.735937 0.147372 -1.48473 94
4.11774 5.34136 4.14223 95
-0.0825789 0.674829 0.175091 151
5.16153 4.97099 5.44204 104
5.6583 4.09274 4.70397 98
4.2669 6.49476 5.61909 237
-0.360605 -0.968614 -0.643623 18
-0.319346 -0.201799 0.258407 101
0.245259 -0.28525 -0.0440567 125
-0.30734 -0.567465 0.612032 101
5.02723 4.75424 5.13152 104
-0.358828 0.914575 1.53186 213
4.64014 5.84288 5.2723 2
5.57258 4.78293 3.89767 205
3.80563 4.8175 5.15174 150
1.55179 -0.6176 0.955483 177
4.52111 4.79015 4.77327 104
-0.864802 -1.0353 0.762544 20
4.04901 5.69599 4.36005 95
6.63305 4.46986 6.15285 41
4.22429 4.78488 6.02012 132
4.86038 5.1973 5.33917 104
-0.614845 1.33518 -1.23052 116
6.64818 6.77566 4.16332 117
0.351127 -0.780213 0.269313 188
0.268039 -0.161535 1.08035 68
3.24785 5.84953 5.86969 80
2.18397 -0.869535 1.01979 177
5.20754 6.44112 4.09637 187
5.47749 4.24959 6.60994 214
-0.797018 0.682037 -1.63566 233
0.294545 -0.057829 -0.281879 125
-2.07732 0.160662 -0.383432 130
5.86371 4.32479 6.03468 214
1.24013 2.00264 0.183083 128
-1.06157 -0.116484 2.89673 129
-1.96172 0.445268 -0.230941 130
5.3172 5.02674 5.02229 104
4.31176 5.24145 5.72961 132
4.57805 5.43313 3.99596 95
-0.867455 0.86647 -0.480991 83
0.888158 0.092533 -1.70942 94
4.99664 3.3123 5.24116 32
-0.873865 0.277167 0.231444 137
4.12193 4.67001 3.18269 190
1.01632 1.6524 -1.89395 139
-0.721077 0.334304 0.127894 137
-1.60051 0.858985 0.178864 130
4.21276 5.75165 6.43489 142
-0.642093 -0.174781 2.02351 204
6.86418 5.36109 6.3662 165
5.76939 4.43068 4.28302 98
0.500797 0.0337629 1.49051 68
0.412199 -1.58689 -2.49283 147
5.82399 5.45183 4.86073 26
5.40374 6.61134 5.0279 237
3.77322 4.56025 4.93144 150
0.0783941 0.218535 -0.0907581 151
4.39984 6.67564 5.01347 237
7.27263 7.59648 5.62387 153
1.43775 -1.1026 0.00513915 206
3.60797 6.23465 4.15626 155
5.7197 5.37693 6.16914 165
4.39381 5.92379 5.39291 2
-0.104401 0.749595 -0.793266 184
-1.00178 -1.80102 1.36904 159
3.89382 2.95558 4.9197 82
-0.357535 1.41648 1.071 213
4.56736 3.83531 3.61728 162
-1.14068 0.568953 -0.242219 83
-1.81986 0.805334 1.57672 164
6.51485 5.48815 6.32841 165
-0.900297 0.335011 -0.351653 83
4.46717 4.60314 4.06426 190
5.32731 5.46944 6.70677 53
0.269753 -1.5243 -1.49633 28
0.390143 0.425947 -0.333572 151
1.09399 1.30684 -0.0460301 128
0.152976 -0.475704 -1.22321 172
5.44748 5.40416 5.61885 26
4.35904 5.29271 5.54058 132
-1.6112 0.422642 0.117016 130
0.797599 -1.4708 1.78715 176
2.01409 -0.432667 0.824854 177
-0.244697 1.32193 -0.665995 116
0.599266 0.396231 -1.6828 94
2.73154 4.07682 5.40473 84
-1.14827 -1.01152 0.134029 181
-0.070472 -0.402379 -0.3344 125
0.829764 0.128325 -0.622617 125
-0.373062 0.44451 -0.897625 184
0.453297 -0.060837 1.12653 68
4.35701 5.03048 6.16818 132
5.48496 5.62833 4.1519 187
0.246742 -0.913348 0.610707 188
5.15139 5.06843 4.00439 187
4.66464 4.81331 3.55862 190
6.50169 4.2135 5.5823 41
-0.849503 -0.919884 3.58145 192
-1.22507 1.97279 -1.28089 116
3.89284 4.16675 5.88452 194
5.31019 6.41899 6.01327 53
5.27626 3.76498 4.56974 32
4.44442 5.62959 3.11767 244
7.6375 6.31172 5.81235 198
0.0282382 0.0190309 0.0494268 151
1.32163 0.570088 -0.957626 232
-0.354602 0.595497 0.713948 213
4.19813 4.45517 7.75136 222
3.45613 4.17933 6.41408 194
-0.0795497 -0.142211 1.82838 204
5.49389 4.511 3.47991 205
0.894861 -1.01436 0.33731 206
1.53764 -0.497549 -1.49055 207
-0.472546 -0.0318159 -0.144545 101
1.11753 -1.28501 -1.61862 207
3.74415 4.23139 4.11955 150
0.517129 -0.320927 0.506709 188
-0.225521 0.195832 1.40954 43
-0.0958998 0.810223 1.02489 213
5.35116 4.54236 6.23711 214
4.95645 3.92997 5.78751 23
1.82171 1.10404 -0.249569 232
-0.0891141 0.679279 0.604082 213
-0.0219895 0.140347 -0.82244 184
0.0431134 -0.826072 1.16343 188
-1.05133 1.49228 1.83335 220
-1.02899 -0.433384 0.391457 181
3.9881 3.7404 6.58441 222
3.93281 6.68672 4.47893 155
0.629926 0.563504 1.28011 68
6.09014 4.25162 4.27975 98
4.35845 4.94289 6.2242 132
0.0735338 0.5983 0.867028 213
-1.45245 0.645566 -0.594314 130
-0.0958507 0.737615 -0.217565 151
3.026 -1.67971 -0.460629 230
3.92299 4.36619 5.99146 194
1.54745 0.745831 -0.532597 232
-0.58619 0.224714 -1.90188 233
2.28898 -0.719952 -0.987675 234
6.36457 5.47131 5.0309 26
1.01465 -0.460442 0.288996 206
4.72733 6.80265 5.33579 237
0.423298 -0.0117108 0.701974 68
-0.880794 0.178417 -0.569359 83
-0.0461095 -0.296032 0.277031 101
4.40747 5.30001 4.64094 95
5.58392 4.42419 3.01855 205
0.43022 -0.271229 0.00205428 125
4.75043 6.08072 3.01495 244
5.72942 3.98522 4.86825 98
0.860433 -1.81837 -0.33585 246
4.55646 2.5592 5.7629 247
3.70421 6.184 3.67664 155
-0.222855 -0.398901 -1.87433 233
0.522009 0.172315 0.499635 68
