0.145299 -0.203251
6.02926 5.04557
5.33852 2.29419
0.329535 2.42459
-0.000668913 -0.429867
4.84441 4.57805
4.21586 3.92604
-1.13112 0.506424
3.15188 5.06317
-0.035224 1.43534
5.96722 4.8531
-2.09722 0.0830067
-0.786054 1.35463
3.87229 5.32854
5.16795 5.31165
7.25996 5.73957
6.79217 4.09727
-1.17398 0.637358
4.5785 4.16825
-2.26857 -0.892801
0.252863 0.265516
4.97194 4.88252
4.61123 4.35392
5.01044 5.83404
0.511477 1.12684
4.35293 4.59355
0.71213 -0.131956
0.953181 0.356079
1.07987 -0.370784
4.08431 4.31004
4.62177 5.18202
3.46765 6.70778
4.97528 4.8666
0.0696498 0.330151
0.527369 2.03778
3.91611 3.40154
5.03953 3.73797
3.47249 4.6517
2.94105 5.78632
5.99876 5.07317
-0.919831 -1.29823
6.0165 5.31806
4.61799 4.82332
6.25015 3.95035
-0.61364 1.02869
0.125807 1.18015
2.31497 -0.491387
6.45809 4.70907
0.555398 -1.89315
6.78051 6.01118
6.84291 4.87146
-0.779292 0.522774
-2.1081 0.452267
4.00607 6.29446
5.51654 6.56189
0.24683 0.593923
5.51218 3.97263
-0.365142 -1.07169
0.0258088 0.418764
-0.233084 -1.11799
4.73865 4.47044
-0.339702 1.05215
1.06252 0.331051
-1.08309 -1.57612
4.4021 5.60969
5.98502 3.51678
-0.825993 -0.00443517
5.09387 4.92312
0.472188 1.49646
0.117766 -1.18886
4.7665 4.9521
4.70053 4.42003
-0.360826 -0.628896
4.10561 5.45076
4.70466 6.27684
1.69903 1.37607
6.59941 5.44919
5.84063 4.6171
-1.74913 1.15387
6.1186 5.24925
4.96119 5.34246
4.85031 6.84903
3.89926 5.16562
6.53065 5.20912
4.80646 5.88369
-1.59988 1.36042
-1.48903 0.0485269
2.37838 1.31487
0.17317 1.03646
0.489922 -0.0616805
5.38611 5.32245
0.101924 -1.01172
6.9988 4.87526
-0.0486597 -0.77144
1.11324 -1.11309
5.32324 5.36655
6.42775 4.51119
0.13777 -0.948355
-0.120576 -0.885311
0.464972 0.8611
